MEME version 5.0.5

ALPHABET= ACDEFGHIKLMNPQRSTVWY

Background letter frequencies (from unknown source):
 A 0.050 C 0.002 D 0.101 E 0.073 F 0.050 G 0.060 H 0.008 I 0.040 K 0.101
L 0.056 M 0.028 N 0.042 P 0.078 Q 0.044 R 0.017 S 0.078 T 0.087 V 0.058
W 0.004 Y 0.023

MOTIF 1 MEME-3

letter-probability matrix: alength= 20 w= 15 nsites= 96 E= 2.0e-758
 0.447917  0.000000  0.000000  0.000000  0.000000  0.000000  0.000000  0.010417  0.218750  0.010417  0.020833  0.052083  0.020833  0.072917  0.031250  0.000000  0.020833  0.093750  0.000000  0.000000
 0.000000  0.000000  0.000000  0.000000  0.000000  0.000000  0.010417  0.010417  0.239583  0.156250  0.000000  0.000000  0.000000  0.083333  0.010417  0.000000  0.052083  0.437500  0.000000  0.000000
 0.000000  0.000000  0.000000  0.000000  0.000000  0.000000  0.000000  0.000000  0.000000  0.000000  0.000000  0.000000  1.000000  0.000000  0.000000  0.000000  0.000000  0.000000  0.000000  0.000000
 0.000000  0.000000  0.000000  0.000000  1.000000  0.000000  0.000000  0.000000  0.000000  0.000000  0.000000  0.000000  0.000000  0.000000  0.000000  0.000000  0.000000  0.000000  0.000000  0.000000
 0.000000  0.000000  0.000000  0.000000  1.000000  0.000000  0.000000  0.000000  0.000000  0.000000  0.000000  0.000000  0.000000  0.000000  0.000000  0.000000  0.000000  0.000000  0.000000  0.000000
 0.927083  0.000000  0.000000  0.010417  0.000000  0.000000  0.000000  0.000000  0.000000  0.000000  0.000000  0.010417  0.000000  0.000000  0.000000  0.020833  0.000000  0.031250  0.000000  0.000000
 0.000000  0.010417  0.000000  0.000000  0.000000  0.000000  0.031250  0.000000  0.052083  0.000000  0.000000  0.114583  0.000000  0.052083  0.718750  0.010417  0.000000  0.000000  0.000000  0.010417
 0.000000  0.000000  0.000000  0.000000  0.729167  0.000000  0.000000  0.000000  0.000000  0.093750  0.000000  0.000000  0.000000  0.000000  0.000000  0.000000  0.000000  0.000000  0.000000  0.177083
 0.000000  0.000000  0.000000  0.000000  0.000000  0.000000  0.000000  0.010417  0.000000  0.979167  0.010417  0.000000  0.000000  0.000000  0.000000  0.000000  0.000000  0.000000  0.000000  0.000000
 0.083333  0.000000  0.000000  0.812500  0.000000  0.000000  0.000000  0.000000  0.000000  0.000000  0.000000  0.000000  0.000000  0.000000  0.000000  0.093750  0.000000  0.010417  0.000000  0.000000
 0.104167  0.000000  0.083333  0.250000  0.000000  0.250000  0.010417  0.000000  0.020833  0.000000  0.000000  0.083333  0.000000  0.010417  0.000000  0.093750  0.010417  0.083333  0.000000  0.000000
 0.000000  0.000000  0.000000  0.052083  0.000000  0.000000  0.000000  0.000000  0.000000  0.000000  0.000000  0.000000  0.000000  0.864583  0.000000  0.083333  0.000000  0.000000  0.000000  0.000000
 0.114583  0.010417  0.072917  0.135417  0.093750  0.020833  0.041667  0.041667  0.145833  0.041667  0.000000  0.020833  0.020833  0.052083  0.000000  0.020833  0.072917  0.072917  0.010417  0.010417
 0.156250  0.104167  0.010417  0.156250  0.000000  0.010417  0.000000  0.020833  0.072917  0.104167  0.000000  0.010417  0.062500  0.000000  0.072917  0.072917  0.083333  0.052083  0.000000  0.010417
 0.052083  0.000000  0.041667  0.489583  0.000000  0.020833  0.000000  0.000000  0.031250  0.010417  0.000000  0.041667  0.041667  0.145833  0.010417  0.031250  0.031250  0.052083  0.000000  0.000000


MOTIF 2 MEME-2

letter-probability matrix: alength= 20 w= 15 nsites= 254 E= 1.1e-1748
 0.047244  0.000000  0.393701  0.039370  0.007874  0.129921  0.031496  0.003937  0.007874  0.015748  0.000000  0.090551  0.078740  0.031496  0.003937  0.055118  0.039370  0.003937  0.007874  0.011811
 0.019685  0.011811  0.173228  0.047244  0.031496  0.035433  0.023622  0.062992  0.003937  0.129921  0.141732  0.023622  0.102362  0.031496  0.003937  0.027559  0.059055  0.023622  0.007874  0.039370
 0.149606  0.003937  0.047244  0.035433  0.035433  0.031496  0.035433  0.082677  0.000000  0.090551  0.094488  0.122047  0.062992  0.039370  0.011811  0.000000  0.007874  0.122047  0.000000  0.027559
 0.015748  0.000000  0.000000  0.031496  0.031496  0.019685  0.106299  0.007874  0.003937  0.007874  0.015748  0.019685  0.003937  0.165354  0.003937  0.011811  0.090551  0.429134  0.023622  0.011811
 0.000000  0.000000  0.000000  0.000000  0.000000  0.000000  0.000000  0.000000  0.000000  0.000000  0.000000  0.000000  0.000000  0.000000  0.000000  0.015748  0.984252  0.000000  0.000000  0.000000
 0.000000  0.000000  0.000000  0.003937  0.047244  0.000000  0.019685  0.007874  0.031496  0.334646  0.401575  0.000000  0.000000  0.078740  0.062992  0.000000  0.000000  0.000000  0.000000  0.011811
 0.015748  0.000000  0.000000  0.000000  0.000000  0.000000  0.000000  0.000000  0.964567  0.000000  0.000000  0.000000  0.000000  0.000000  0.019685  0.000000  0.000000  0.000000  0.000000  0.000000
 0.007874  0.000000  0.000000  0.000000  0.098425  0.000000  0.015748  0.000000  0.000000  0.000000  0.000000  0.000000  0.000000  0.000000  0.000000  0.000000  0.000000  0.000000  0.015748  0.862205
 0.000000  0.000000  0.000000  0.000000  0.000000  0.000000  0.000000  0.000000  0.000000  0.000000  0.000000  0.000000  1.000000  0.000000  0.000000  0.000000  0.000000  0.000000  0.000000  0.000000
 0.000000  0.000000  0.000000  0.000000  0.000000  0.000000  0.000000  0.000000  0.000000  0.000000  0.000000  0.000000  0.000000  0.000000  0.000000  1.000000  0.000000  0.000000  0.000000  0.000000
 0.000000  0.000000  1.000000  0.000000  0.000000  0.000000  0.000000  0.000000  0.000000  0.000000  0.000000  0.000000  0.000000  0.000000  0.000000  0.000000  0.000000  0.000000  0.000000  0.000000
 0.015748  0.003937  0.023622  0.003937  0.011811  0.448819  0.011811  0.000000  0.003937  0.015748  0.000000  0.090551  0.000000  0.027559  0.015748  0.204724  0.007874  0.003937  0.106299  0.003937
 0.000000  0.000000  0.696850  0.295276  0.000000  0.000000  0.007874  0.000000  0.000000  0.000000  0.000000  0.000000  0.000000  0.000000  0.000000  0.000000  0.000000  0.000000  0.000000  0.000000
 0.007874  0.000000  0.496063  0.480315  0.000000  0.003937  0.000000  0.000000  0.000000  0.000000  0.000000  0.000000  0.000000  0.000000  0.000000  0.003937  0.003937  0.003937  0.000000  0.000000
 0.055118  0.011811  0.342520  0.027559  0.015748  0.173228  0.019685  0.023622  0.007874  0.003937  0.000000  0.019685  0.011811  0.003937  0.027559  0.106299  0.043307  0.019685  0.011811  0.074803


MOTIF 3 MEME-4

letter-probability matrix: alength= 20 w= 21 nsites= 104 E= 2.1e-783
 0.019231  0.000000  0.000000  0.000000  0.000000  0.000000  0.000000  0.596154  0.000000  0.019231  0.000000  0.000000  0.019231  0.000000  0.000000  0.028846  0.057692  0.259615  0.000000  0.000000
 0.000000  0.000000  0.000000  0.000000  0.000000  0.000000  0.000000  0.000000  0.000000  0.000000  0.000000  0.000000  0.000000  0.000000  0.000000  0.057692  0.942308  0.000000  0.000000  0.000000
 0.105769  0.000000  0.028846  0.000000  0.000000  0.086538  0.009615  0.250000  0.000000  0.125000  0.000000  0.019231  0.000000  0.000000  0.000000  0.163462  0.192308  0.019231  0.000000  0.000000
 0.250000  0.000000  0.000000  0.000000  0.000000  0.000000  0.000000  0.028846  0.000000  0.000000  0.000000  0.000000  0.519231  0.000000  0.000000  0.076923  0.009615  0.115385  0.000000  0.000000
 0.038462  0.000000  0.000000  0.250000  0.000000  0.000000  0.000000  0.009615  0.028846  0.375000  0.000000  0.019231  0.000000  0.000000  0.009615  0.115385  0.144231  0.009615  0.000000  0.000000
 0.028846  0.000000  0.000000  0.019231  0.000000  0.038462  0.000000  0.057692  0.192308  0.028846  0.000000  0.019231  0.000000  0.163462  0.278846  0.000000  0.125000  0.048077  0.000000  0.000000
 0.000000  0.000000  1.000000  0.000000  0.000000  0.000000  0.000000  0.000000  0.000000  0.000000  0.000000  0.000000  0.000000  0.000000  0.000000  0.000000  0.000000  0.000000  0.000000  0.000000
 0.009615  0.000000  0.028846  0.000000  0.009615  0.019231  0.000000  0.057692  0.000000  0.067308  0.009615  0.221154  0.000000  0.105769  0.000000  0.182692  0.105769  0.182692  0.000000  0.000000
 0.019231  0.000000  0.000000  0.000000  0.000000  0.000000  0.000000  0.471154  0.000000  0.028846  0.000000  0.000000  0.038462  0.000000  0.000000  0.019231  0.019231  0.403846  0.000000  0.000000
 0.000000  0.000000  0.000000  0.000000  0.000000  0.000000  0.000000  0.000000  0.000000  0.000000  0.000000  0.000000  0.000000  0.000000  0.000000  0.019231  0.980769  0.000000  0.000000  0.000000
 0.096154  0.000000  0.019231  0.000000  0.000000  0.019231  0.000000  0.009615  0.307692  0.067308  0.009615  0.009615  0.000000  0.000000  0.019231  0.307692  0.115385  0.019231  0.000000  0.000000
 0.096154  0.000000  0.000000  0.000000  0.009615  0.000000  0.000000  0.000000  0.048077  0.028846  0.000000  0.000000  0.509615  0.105769  0.000000  0.067308  0.028846  0.105769  0.000000  0.000000
 0.144231  0.000000  0.000000  0.019231  0.009615  0.000000  0.000000  0.221154  0.019231  0.182692  0.000000  0.009615  0.000000  0.028846  0.000000  0.038462  0.211538  0.115385  0.000000  0.000000
 0.009615  0.000000  0.000000  0.000000  0.134615  0.000000  0.000000  0.125000  0.153846  0.240385  0.000000  0.009615  0.000000  0.038462  0.096154  0.009615  0.009615  0.163462  0.000000  0.009615
 0.000000  0.000000  0.951923  0.000000  0.000000  0.000000  0.000000  0.000000  0.019231  0.000000  0.000000  0.000000  0.000000  0.000000  0.028846  0.000000  0.000000  0.000000  0.000000  0.000000
 0.000000  0.000000  0.067308  0.000000  0.000000  0.038462  0.134615  0.019231  0.000000  0.000000  0.000000  0.307692  0.000000  0.009615  0.000000  0.067308  0.278846  0.076923  0.000000  0.000000
 0.048077  0.000000  0.000000  0.000000  0.000000  0.009615  0.000000  0.134615  0.000000  0.009615  0.009615  0.000000  0.000000  0.000000  0.000000  0.000000  0.038462  0.750000  0.000000  0.000000
 0.000000  0.000000  0.000000  0.000000  0.009615  0.000000  0.000000  0.019231  0.000000  0.000000  0.000000  0.000000  0.000000  0.000000  0.000000  0.019231  0.894231  0.057692  0.000000  0.000000
 0.019231  0.000000  0.000000  0.000000  0.000000  0.009615  0.028846  0.000000  0.278846  0.019231  0.000000  0.000000  0.000000  0.000000  0.009615  0.355769  0.259615  0.019231  0.000000  0.000000
 0.009615  0.000000  0.019231  0.000000  0.000000  0.000000  0.000000  0.000000  0.028846  0.019231  0.000000  0.019231  0.721154  0.000000  0.000000  0.115385  0.057692  0.009615  0.000000  0.000000
 0.076923  0.000000  0.067308  0.000000  0.000000  0.173077  0.000000  0.009615  0.163462  0.048077  0.000000  0.057692  0.076923  0.067308  0.057692  0.105769  0.067308  0.028846  0.000000  0.000000


MOTIF 4 MEME-2

letter-probability matrix: alength= 20 w= 20 nsites= 8 E= 3.5e-003
 0.000000  0.000000  0.000000  0.000000  0.000000  0.000000  0.000000  0.125000  0.250000  0.125000  0.125000  0.000000  0.000000  0.000000  0.250000  0.000000  0.000000  0.000000  0.000000  0.125000
 0.000000  0.000000  0.125000  0.000000  0.000000  0.000000  0.000000  0.000000  0.625000  0.000000  0.000000  0.000000  0.000000  0.000000  0.125000  0.000000  0.000000  0.125000  0.000000  0.000000
 0.125000  0.000000  0.000000  0.250000  0.000000  0.000000  0.250000  0.000000  0.125000  0.000000  0.000000  0.000000  0.000000  0.000000  0.125000  0.125000  0.000000  0.000000  0.000000  0.000000
 0.125000  0.000000  0.000000  0.000000  0.000000  0.000000  0.000000  0.000000  0.000000  0.625000  0.000000  0.000000  0.250000  0.000000  0.000000  0.000000  0.000000  0.000000  0.000000  0.000000
 0.000000  0.000000  0.000000  0.000000  1.000000  0.000000  0.000000  0.000000  0.000000  0.000000  0.000000  0.000000  0.000000  0.000000  0.000000  0.000000  0.000000  0.000000  0.000000  0.000000
 0.000000  0.000000  0.125000  0.000000  0.000000  0.000000  0.000000  0.500000  0.000000  0.000000  0.000000  0.000000  0.000000  0.125000  0.125000  0.000000  0.000000  0.125000  0.000000  0.000000
 0.000000  0.000000  0.000000  0.500000  0.000000  0.000000  0.000000  0.000000  0.000000  0.250000  0.000000  0.000000  0.000000  0.125000  0.000000  0.000000  0.125000  0.000000  0.000000  0.000000
 0.000000  0.000000  0.250000  0.500000  0.000000  0.000000  0.000000  0.000000  0.000000  0.000000  0.000000  0.000000  0.000000  0.125000  0.000000  0.000000  0.000000  0.125000  0.000000  0.000000
 0.000000  0.000000  0.000000  0.000000  0.000000  0.000000  0.000000  0.125000  0.000000  0.750000  0.000000  0.000000  0.000000  0.000000  0.000000  0.000000  0.000000  0.125000  0.000000  0.000000
 0.125000  0.000000  0.000000  0.250000  0.000000  0.250000  0.125000  0.000000  0.000000  0.000000  0.125000  0.000000  0.000000  0.000000  0.000000  0.000000  0.125000  0.000000  0.000000  0.000000
 0.000000  0.000000  0.000000  0.375000  0.000000  0.000000  0.000000  0.000000  0.250000  0.000000  0.000000  0.000000  0.000000  0.125000  0.125000  0.000000  0.000000  0.125000  0.000000  0.000000
 0.000000  0.000000  0.000000  0.000000  0.000000  0.000000  0.000000  0.125000  0.000000  0.250000  0.000000  0.000000  0.000000  0.000000  0.500000  0.000000  0.000000  0.125000  0.000000  0.000000
 0.000000  0.000000  0.000000  0.375000  0.000000  0.000000  0.000000  0.000000  0.000000  0.000000  0.000000  0.000000  0.125000  0.375000  0.000000  0.000000  0.125000  0.000000  0.000000  0.000000
 0.000000  0.000000  0.000000  0.000000  0.000000  0.250000  0.000000  0.000000  0.125000  0.000000  0.000000  0.250000  0.000000  0.000000  0.000000  0.375000  0.000000  0.000000  0.000000  0.000000
 0.000000  0.000000  0.000000  0.000000  0.000000  0.125000  0.000000  0.000000  0.125000  0.125000  0.125000  0.000000  0.125000  0.125000  0.000000  0.125000  0.125000  0.000000  0.000000  0.000000
 0.000000  0.125000  0.000000  0.125000  0.000000  0.000000  0.000000  0.125000  0.000000  0.000000  0.000000  0.125000  0.125000  0.125000  0.000000  0.250000  0.000000  0.000000  0.000000  0.000000
 0.000000  0.000000  0.000000  0.000000  0.000000  0.250000  0.125000  0.000000  0.000000  0.125000  0.000000  0.000000  0.250000  0.000000  0.125000  0.000000  0.000000  0.125000  0.000000  0.000000
 0.000000  0.000000  0.000000  0.125000  0.000000  0.000000  0.125000  0.000000  0.000000  0.250000  0.000000  0.000000  0.000000  0.000000  0.125000  0.000000  0.250000  0.125000  0.000000  0.000000
 0.125000  0.000000  0.000000  0.000000  0.375000  0.125000  0.000000  0.000000  0.000000  0.000000  0.000000  0.000000  0.125000  0.000000  0.000000  0.000000  0.000000  0.250000  0.000000  0.000000
 0.000000  0.000000  0.000000  0.000000  0.000000  0.000000  0.125000  0.000000  0.250000  0.000000  0.000000  0.000000  0.000000  0.250000  0.000000  0.125000  0.000000  0.250000  0.000000  0.000000


MOTIF 5 MEME-1

letter-probability matrix: alength= 20 w= 28 nsites= 119 E= 1.7e-2505
 0.000000  0.000000  0.000000  0.176471  0.000000  0.000000  0.000000  0.000000  0.470588  0.000000  0.310924  0.025210  0.000000  0.016807  0.000000  0.000000  0.000000  0.000000  0.000000  0.000000
 0.000000  0.000000  0.117647  0.218487  0.000000  0.000000  0.000000  0.000000  0.084034  0.000000  0.000000  0.487395  0.000000  0.000000  0.016807  0.075630  0.000000  0.000000  0.000000  0.000000
 0.000000  0.000000  0.000000  0.134454  0.000000  0.050420  0.000000  0.000000  0.588235  0.000000  0.000000  0.184874  0.000000  0.042017  0.000000  0.000000  0.000000  0.000000  0.000000  0.000000
 0.000000  0.000000  0.050420  0.008403  0.000000  0.000000  0.000000  0.000000  0.277311  0.000000  0.000000  0.647059  0.000000  0.000000  0.008403  0.008403  0.000000  0.000000  0.000000  0.000000
 0.000000  0.000000  0.016807  0.000000  0.000000  0.008403  0.000000  0.000000  0.142857  0.000000  0.000000  0.134454  0.008403  0.000000  0.000000  0.689076  0.000000  0.000000  0.000000  0.000000
 0.000000  0.000000  0.000000  0.000000  0.008403  0.008403  0.000000  0.000000  0.672269  0.042017  0.000000  0.016807  0.000000  0.042017  0.000000  0.193277  0.016807  0.000000  0.000000  0.000000
 0.000000  0.000000  0.000000  0.000000  0.000000  0.000000  0.000000  0.000000  1.000000  0.000000  0.000000  0.000000  0.000000  0.000000  0.000000  0.000000  0.000000  0.000000  0.000000  0.000000
 0.000000  0.000000  0.000000  0.008403  0.000000  0.000000  0.000000  0.000000  0.932773  0.000000  0.000000  0.000000  0.000000  0.058824  0.000000  0.000000  0.000000  0.000000  0.000000  0.000000
 0.000000  0.000000  0.000000  0.000000  0.000000  0.000000  0.000000  0.000000  0.000000  0.000000  0.000000  0.000000  1.000000  0.000000  0.000000  0.000000  0.000000  0.000000  0.000000  0.000000
 0.000000  0.000000  0.000000  0.000000  1.000000  0.000000  0.000000  0.000000  0.000000  0.000000  0.000000  0.000000  0.000000  0.000000  0.000000  0.000000  0.000000  0.000000  0.000000  0.000000
 0.000000  0.000000  0.000000  0.000000  1.000000  0.000000  0.000000  0.000000  0.000000  0.000000  0.000000  0.000000  0.000000  0.000000  0.000000  0.000000  0.000000  0.000000  0.000000  0.000000
 0.991597  0.000000  0.000000  0.000000  0.000000  0.000000  0.000000  0.000000  0.000000  0.000000  0.000000  0.000000  0.000000  0.000000  0.000000  0.000000  0.000000  0.008403  0.000000  0.000000
 0.042017  0.000000  0.000000  0.000000  0.000000  0.000000  0.000000  0.000000  0.000000  0.000000  0.000000  0.000000  0.000000  0.000000  0.000000  0.873950  0.075630  0.008403  0.000000  0.000000
 0.000000  0.000000  0.000000  0.000000  0.991597  0.000000  0.000000  0.000000  0.000000  0.008403  0.000000  0.000000  0.000000  0.000000  0.000000  0.000000  0.000000  0.000000  0.000000  0.000000
 0.000000  0.000000  0.000000  0.000000  0.000000  0.000000  0.000000  0.000000  0.000000  1.000000  0.000000  0.000000  0.000000  0.000000  0.000000  0.000000  0.000000  0.000000  0.000000  0.000000
 0.000000  0.000000  0.000000  1.000000  0.000000  0.000000  0.000000  0.000000  0.000000  0.000000  0.000000  0.000000  0.000000  0.000000  0.000000  0.000000  0.000000  0.000000  0.000000  0.000000
 0.000000  0.000000  0.000000  0.000000  0.000000  0.000000  0.000000  0.000000  0.974790  0.000000  0.000000  0.016807  0.000000  0.000000  0.008403  0.000000  0.000000  0.000000  0.000000  0.000000
 0.000000  0.000000  0.000000  0.000000  0.000000  0.000000  0.000000  0.000000  0.000000  0.000000  0.000000  0.000000  0.000000  1.000000  0.000000  0.000000  0.000000  0.000000  0.000000  0.000000
 0.000000  0.000000  0.000000  0.000000  0.000000  0.000000  0.000000  0.521008  0.000000  0.243697  0.000000  0.000000  0.000000  0.000000  0.000000  0.000000  0.000000  0.235294  0.000000  0.000000
 0.008403  0.000000  0.000000  0.050420  0.000000  0.000000  0.008403  0.000000  0.579832  0.000000  0.000000  0.058824  0.000000  0.277311  0.008403  0.008403  0.000000  0.000000  0.000000  0.000000
 0.000000  0.000000  0.907563  0.025210  0.000000  0.000000  0.000000  0.000000  0.000000  0.000000  0.000000  0.067227  0.000000  0.000000  0.000000  0.000000  0.000000  0.000000  0.000000  0.000000
 0.008403  0.000000  0.000000  0.000000  0.000000  0.016807  0.000000  0.000000  0.000000  0.000000  0.000000  0.000000  0.949580  0.000000  0.000000  0.016807  0.008403  0.000000  0.000000  0.000000
 0.000000  0.000000  0.000000  0.873950  0.000000  0.000000  0.000000  0.000000  0.016807  0.000000  0.000000  0.000000  0.000000  0.109244  0.000000  0.000000  0.000000  0.000000  0.000000  0.000000
 0.033613  0.000000  0.000000  0.042017  0.000000  0.000000  0.000000  0.000000  0.344538  0.000000  0.000000  0.008403  0.000000  0.000000  0.000000  0.016807  0.554622  0.000000  0.000000  0.000000
 0.000000  0.000000  0.000000  0.000000  0.000000  0.000000  0.000000  0.394958  0.000000  0.000000  0.000000  0.000000  0.000000  0.000000  0.000000  0.000000  0.000000  0.605042  0.000000  0.000000
 0.000000  0.000000  0.000000  0.000000  0.000000  0.000000  0.008403  0.000000  0.680672  0.000000  0.000000  0.016807  0.000000  0.252101  0.000000  0.000000  0.042017  0.000000  0.000000  0.000000
 0.000000  0.000000  0.000000  0.000000  0.000000  1.000000  0.000000  0.000000  0.000000  0.000000  0.000000  0.000000  0.000000  0.000000  0.000000  0.000000  0.000000  0.000000  0.000000  0.000000
 0.000000  0.000000  0.000000  0.000000  0.000000  1.000000  0.000000  0.000000  0.000000  0.000000  0.000000  0.000000  0.000000  0.000000  0.000000  0.000000  0.000000  0.000000  0.000000  0.000000


MOTIF 6 MEME-5

letter-probability matrix: alength= 20 w= 11 nsites= 23 E= 7.8e-058
 0.000000  0.000000  0.000000  0.000000  0.000000  0.000000  0.000000  0.000000  0.000000  0.956522  0.043478  0.000000  0.000000  0.000000  0.000000  0.000000  0.000000  0.000000  0.000000  0.000000
 0.000000  0.000000  0.000000  0.000000  0.000000  0.000000  0.000000  0.000000  0.000000  0.000000  0.000000  0.000000  0.000000  0.000000  0.000000  0.782609  0.217391  0.000000  0.000000  0.000000
 0.043478  0.000000  0.173913  0.565217  0.000000  0.000000  0.000000  0.043478  0.043478  0.000000  0.000000  0.000000  0.000000  0.000000  0.000000  0.086957  0.000000  0.043478  0.000000  0.000000
 0.086957  0.000000  0.000000  0.826087  0.000000  0.000000  0.000000  0.000000  0.000000  0.000000  0.000000  0.086957  0.000000  0.000000  0.000000  0.000000  0.000000  0.000000  0.000000  0.000000
 0.000000  0.000000  0.000000  1.000000  0.000000  0.000000  0.000000  0.000000  0.000000  0.000000  0.000000  0.000000  0.000000  0.000000  0.000000  0.000000  0.000000  0.000000  0.000000  0.000000
 0.000000  0.000000  0.000000  0.000000  0.000000  0.000000  0.000000  0.000000  0.000000  0.130435  0.652174  0.000000  0.000000  0.000000  0.000000  0.130435  0.086957  0.000000  0.000000  0.000000
 0.043478  0.000000  0.217391  0.391304  0.000000  0.000000  0.000000  0.000000  0.000000  0.000000  0.000000  0.130435  0.000000  0.217391  0.000000  0.000000  0.000000  0.000000  0.000000  0.000000
 0.391304  0.000000  0.043478  0.130435  0.000000  0.000000  0.043478  0.000000  0.043478  0.043478  0.086957  0.043478  0.000000  0.000000  0.043478  0.086957  0.043478  0.000000  0.000000  0.000000
 0.000000  0.000000  0.000000  0.000000  0.000000  0.000000  0.000000  0.347826  0.000000  0.000000  0.000000  0.000000  0.000000  0.000000  0.000000  0.000000  0.086957  0.565217  0.000000  0.000000
 0.173913  0.000000  0.000000  0.043478  0.000000  0.043478  0.130435  0.000000  0.043478  0.000000  0.000000  0.000000  0.000000  0.130435  0.086957  0.173913  0.086957  0.043478  0.000000  0.043478
 0.000000  0.000000  0.000000  0.000000  0.000000  1.000000  0.000000  0.000000  0.000000  0.000000  0.000000  0.000000  0.000000  0.000000  0.000000  0.000000  0.000000  0.000000  0.000000  0.000000


MOTIF 7 MEME-5

letter-probability matrix: alength= 20 w= 6 nsites= 2 E= 9.0e+000
 0.000000  0.000000  0.000000  0.000000  0.000000  0.000000  0.000000  0.000000  0.000000  0.000000  1.000000  0.000000  0.000000  0.000000  0.000000  0.000000  0.000000  0.000000  0.000000  0.000000
 0.000000  0.000000  0.000000  0.000000  0.000000  0.000000  0.000000  0.000000  0.500000  0.000000  0.000000  0.000000  0.000000  0.000000  0.500000  0.000000  0.000000  0.000000  0.000000  0.000000
 0.000000  0.000000  0.000000  0.000000  0.000000  0.000000  0.000000  0.000000  1.000000  0.000000  0.000000  0.000000  0.000000  0.000000  0.000000  0.000000  0.000000  0.000000  0.000000  0.000000
 0.000000  0.000000  0.000000  0.000000  0.000000  0.000000  1.000000  0.000000  0.000000  0.000000  0.000000  0.000000  0.000000  0.000000  0.000000  0.000000  0.000000  0.000000  0.000000  0.000000
 0.000000  0.000000  0.000000  0.000000  0.000000  0.000000  0.000000  1.000000  0.000000  0.000000  0.000000  0.000000  0.000000  0.000000  0.000000  0.000000  0.000000  0.000000  0.000000  0.000000
 0.000000  0.000000  0.000000  0.000000  0.000000  0.000000  0.000000  0.000000  0.000000  1.000000  0.000000  0.000000  0.000000  0.000000  0.000000  0.000000  0.000000  0.000000  0.000000  0.000000


MOTIF 8 MEME-2

letter-probability matrix: alength= 20 w= 17 nsites= 14 E= 1.1e-053
 0.000000  0.000000  0.000000  0.000000  0.000000  0.000000  0.000000  0.000000  0.214286  0.000000  0.642857  0.000000  0.000000  0.000000  0.071429  0.000000  0.000000  0.000000  0.000000  0.071429
 0.000000  0.000000  0.000000  0.071429  0.000000  0.000000  0.000000  0.000000  0.857143  0.000000  0.000000  0.000000  0.000000  0.000000  0.071429  0.000000  0.000000  0.000000  0.000000  0.000000
 0.000000  0.000000  0.000000  0.000000  0.000000  0.000000  0.000000  0.000000  0.071429  0.000000  0.000000  0.000000  0.928571  0.000000  0.000000  0.000000  0.000000  0.000000  0.000000  0.000000
 0.000000  0.000000  0.000000  0.000000  0.000000  0.000000  0.071429  0.000000  0.000000  0.000000  0.000000  0.000000  0.000000  0.000000  0.000000  0.000000  0.000000  0.000000  0.000000  0.928571
 0.000000  0.000000  0.000000  0.000000  0.000000  0.000000  0.000000  0.714286  0.000000  0.142857  0.000000  0.000000  0.000000  0.000000  0.000000  0.000000  0.071429  0.071429  0.000000  0.000000
 0.214286  0.000000  0.000000  0.000000  0.000000  0.000000  0.000000  0.071429  0.000000  0.214286  0.428571  0.000000  0.000000  0.000000  0.000000  0.071429  0.000000  0.000000  0.000000  0.000000
 0.000000  0.000000  0.000000  0.000000  0.000000  0.000000  0.000000  0.000000  0.071429  0.142857  0.000000  0.500000  0.000000  0.214286  0.000000  0.071429  0.000000  0.000000  0.000000  0.000000
 0.000000  0.000000  0.000000  0.000000  0.000000  0.000000  0.000000  0.000000  0.000000  0.000000  0.071429  0.000000  0.000000  0.000000  0.000000  0.000000  0.000000  0.000000  0.000000  0.928571
 0.142857  0.000000  0.000000  0.000000  0.000000  0.000000  0.000000  0.071429  0.000000  0.000000  0.000000  0.000000  0.000000  0.000000  0.000000  0.571429  0.000000  0.142857  0.000000  0.071429
 0.000000  0.000000  0.000000  0.857143  0.000000  0.071429  0.000000  0.000000  0.071429  0.000000  0.000000  0.000000  0.000000  0.000000  0.000000  0.000000  0.000000  0.000000  0.000000  0.000000
 0.000000  0.000000  0.000000  0.357143  0.000000  0.071429  0.000000  0.000000  0.000000  0.000000  0.000000  0.000000  0.000000  0.000000  0.000000  0.142857  0.428571  0.000000  0.000000  0.000000
 0.000000  0.000000  0.000000  0.000000  0.285714  0.000000  0.071429  0.357143  0.071429  0.000000  0.000000  0.000000  0.000000  0.071429  0.000000  0.000000  0.000000  0.000000  0.000000  0.142857
 0.000000  0.071429  0.142857  0.214286  0.000000  0.000000  0.000000  0.071429  0.000000  0.000000  0.000000  0.071429  0.071429  0.000000  0.071429  0.000000  0.214286  0.000000  0.000000  0.071429
 0.000000  0.000000  0.000000  0.000000  0.214286  0.000000  0.000000  0.285714  0.142857  0.214286  0.142857  0.000000  0.000000  0.000000  0.000000  0.000000  0.000000  0.000000  0.000000  0.000000
 0.000000  0.000000  0.071429  0.000000  0.000000  0.000000  0.000000  0.071429  0.285714  0.000000  0.000000  0.285714  0.071429  0.142857  0.000000  0.071429  0.000000  0.000000  0.000000  0.000000
 0.071429  0.000000  0.071429  0.071429  0.000000  0.000000  0.142857  0.000000  0.142857  0.000000  0.000000  0.071429  0.071429  0.214286  0.000000  0.000000  0.142857  0.000000  0.000000  0.000000
 0.000000  0.000000  0.000000  0.000000  0.000000  0.000000  0.071429  0.000000  0.071429  0.000000  0.000000  0.142857  0.000000  0.142857  0.000000  0.285714  0.071429  0.214286  0.000000  0.000000


MOTIF 9 MEME-4

letter-probability matrix: alength= 20 w= 6 nsites= 11 E= 2.1e-003
 0.090909  0.090909  0.000000  0.000000  0.000000  0.000000  0.090909  0.090909  0.000000  0.090909  0.181818  0.000000  0.000000  0.090909  0.000000  0.090909  0.000000  0.090909  0.000000  0.090909
 0.000000  0.000000  0.000000  0.000000  0.181818  0.000000  0.000000  0.000000  0.000000  0.181818  0.000000  0.090909  0.000000  0.090909  0.090909  0.000000  0.000000  0.000000  0.000000  0.363636
 0.090909  0.090909  0.000000  0.000000  0.181818  0.000000  0.000000  0.181818  0.000000  0.363636  0.090909  0.000000  0.000000  0.000000  0.000000  0.000000  0.000000  0.000000  0.000000  0.000000
 0.000000  0.000000  0.000000  0.000000  0.000000  1.000000  0.000000  0.000000  0.000000  0.000000  0.000000  0.000000  0.000000  0.000000  0.000000  0.000000  0.000000  0.000000  0.000000  0.000000
 0.000000  0.000000  0.000000  0.000000  0.000000  0.000000  0.000000  0.000000  0.000000  0.000000  0.000000  0.000000  1.000000  0.000000  0.000000  0.000000  0.000000  0.000000  0.000000  0.000000
 0.000000  0.000000  0.454545  0.272727  0.000000  0.000000  0.000000  0.000000  0.000000  0.000000  0.000000  0.090909  0.090909  0.000000  0.090909  0.000000  0.000000  0.000000  0.000000  0.000000


MOTIF 10 MEME-1

letter-probability matrix: alength= 20 w= 11 nsites= 46 E= 1.1e-166
 0.065217  0.021739  0.000000  0.000000  0.152174  0.000000  0.000000  0.043478  0.000000  0.043478  0.043478  0.000000  0.326087  0.021739  0.000000  0.000000  0.000000  0.260870  0.000000  0.021739
 0.000000  0.000000  0.000000  0.000000  0.000000  0.000000  0.000000  0.000000  0.000000  0.000000  0.000000  0.000000  0.000000  0.000000  0.000000  0.000000  1.000000  0.000000  0.000000  0.000000
 0.000000  0.000000  0.000000  0.000000  0.000000  0.000000  0.000000  0.000000  0.000000  0.000000  0.000000  0.000000  0.000000  0.000000  0.000000  0.065217  0.934783  0.000000  0.000000  0.000000
 0.000000  0.000000  0.000000  0.000000  0.043478  0.000000  0.000000  0.000000  0.130435  0.304348  0.065217  0.000000  0.000000  0.282609  0.130435  0.000000  0.000000  0.000000  0.000000  0.043478
 0.869565  0.000000  0.000000  0.000000  0.000000  0.000000  0.000000  0.021739  0.000000  0.021739  0.021739  0.000000  0.021739  0.000000  0.000000  0.021739  0.000000  0.021739  0.000000  0.000000
 0.021739  0.000000  0.000000  0.000000  0.021739  0.000000  0.000000  0.282609  0.043478  0.326087  0.021739  0.000000  0.000000  0.000000  0.000000  0.000000  0.000000  0.217391  0.000000  0.065217
 0.021739  0.000000  0.000000  0.000000  0.000000  0.956522  0.000000  0.000000  0.000000  0.000000  0.000000  0.000000  0.000000  0.021739  0.000000  0.000000  0.000000  0.000000  0.000000  0.000000
 0.021739  0.000000  0.000000  0.978261  0.000000  0.000000  0.000000  0.000000  0.000000  0.000000  0.000000  0.000000  0.000000  0.000000  0.000000  0.000000  0.000000  0.000000  0.000000  0.000000
 0.000000  0.000000  0.000000  1.000000  0.000000  0.000000  0.000000  0.000000  0.000000  0.000000  0.000000  0.000000  0.000000  0.000000  0.000000  0.000000  0.000000  0.000000  0.000000  0.000000
 0.065217  0.000000  0.086957  0.130435  0.000000  0.521739  0.000000  0.000000  0.000000  0.000000  0.000000  0.043478  0.000000  0.021739  0.000000  0.086957  0.000000  0.043478  0.000000  0.000000
 0.000000  0.000000  0.000000  0.000000  0.000000  0.369565  0.000000  0.021739  0.065217  0.000000  0.000000  0.000000  0.434783  0.086957  0.000000  0.021739  0.000000  0.000000  0.000000  0.000000


MOTIF 11 MEME-3

letter-probability matrix: alength= 20 w= 21 nsites= 6 E= 1.2e-009
 0.000000  0.000000  0.000000  0.000000  0.000000  0.000000  0.000000  0.000000  0.000000  0.000000  0.000000  0.333333  0.000000  0.000000  0.333333  0.000000  0.166667  0.166667  0.000000  0.000000
 0.000000  0.000000  0.000000  0.000000  0.166667  0.000000  0.000000  0.000000  0.000000  0.666667  0.000000  0.000000  0.000000  0.000000  0.000000  0.000000  0.000000  0.166667  0.000000  0.000000
 0.166667  0.000000  0.000000  0.000000  0.166667  0.000000  0.000000  0.000000  0.000000  0.000000  0.000000  0.000000  0.000000  0.000000  0.000000  0.000000  0.000000  0.333333  0.000000  0.333333
 0.000000  0.000000  0.000000  0.000000  0.000000  0.000000  0.000000  0.000000  0.000000  0.000000  0.000000  0.000000  0.000000  0.000000  0.000000  0.000000  0.000000  0.000000  0.000000  1.000000
 0.000000  0.000000  0.833333  0.000000  0.000000  0.000000  0.000000  0.000000  0.000000  0.000000  0.000000  0.166667  0.000000  0.000000  0.000000  0.000000  0.000000  0.000000  0.000000  0.000000
 0.000000  0.000000  0.166667  0.000000  0.000000  0.166667  0.166667  0.000000  0.166667  0.000000  0.166667  0.166667  0.000000  0.000000  0.000000  0.000000  0.000000  0.000000  0.000000  0.000000
 0.000000  0.000000  0.000000  0.166667  0.000000  0.000000  0.000000  0.166667  0.333333  0.166667  0.000000  0.000000  0.000000  0.000000  0.166667  0.000000  0.000000  0.000000  0.000000  0.000000
 0.000000  0.000000  0.000000  0.166667  0.000000  0.000000  0.000000  0.000000  0.000000  0.000000  0.000000  0.000000  0.000000  0.000000  0.000000  0.000000  0.833333  0.000000  0.000000  0.000000
 0.000000  0.000000  0.000000  0.000000  0.000000  0.000000  0.000000  0.000000  0.000000  0.000000  0.000000  0.000000  0.000000  1.000000  0.000000  0.000000  0.000000  0.000000  0.000000  0.000000
 0.000000  0.000000  0.000000  0.000000  0.000000  0.000000  0.000000  0.333333  0.000000  0.166667  0.000000  0.000000  0.000000  0.000000  0.000000  0.000000  0.000000  0.500000  0.000000  0.000000
 0.000000  0.000000  0.000000  0.000000  0.000000  0.000000  0.000000  0.000000  0.000000  0.000000  0.000000  0.333333  0.000000  0.000000  0.000000  0.666667  0.000000  0.000000  0.000000  0.000000
 0.000000  0.000000  0.000000  0.000000  0.333333  0.000000  0.000000  0.000000  0.000000  0.000000  0.000000  0.000000  0.000000  0.000000  0.000000  0.000000  0.000000  0.000000  0.000000  0.666667
 0.000000  0.000000  0.000000  0.000000  0.000000  0.000000  0.000000  0.500000  0.000000  0.166667  0.166667  0.000000  0.000000  0.000000  0.000000  0.000000  0.000000  0.166667  0.000000  0.000000
 0.000000  0.000000  0.833333  0.000000  0.000000  0.000000  0.000000  0.000000  0.000000  0.000000  0.000000  0.166667  0.000000  0.000000  0.000000  0.000000  0.000000  0.000000  0.000000  0.000000
 0.000000  0.000000  0.000000  0.333333  0.000000  0.000000  0.000000  0.000000  0.500000  0.000000  0.000000  0.000000  0.166667  0.000000  0.000000  0.000000  0.000000  0.000000  0.000000  0.000000
 0.000000  0.000000  0.166667  0.500000  0.000000  0.000000  0.000000  0.000000  0.000000  0.000000  0.000000  0.000000  0.000000  0.166667  0.166667  0.000000  0.000000  0.000000  0.000000  0.000000
 0.000000  0.000000  0.000000  0.000000  0.166667  0.000000  0.000000  0.000000  0.833333  0.000000  0.000000  0.000000  0.000000  0.000000  0.000000  0.000000  0.000000  0.000000  0.000000  0.000000
 0.000000  0.000000  0.000000  0.000000  0.000000  0.000000  0.000000  0.000000  0.166667  0.000000  0.000000  0.333333  0.000000  0.000000  0.000000  0.166667  0.166667  0.166667  0.000000  0.000000
 0.000000  0.000000  0.000000  0.000000  0.000000  0.000000  0.000000  0.500000  0.166667  0.000000  0.000000  0.000000  0.000000  0.000000  0.000000  0.000000  0.000000  0.333333  0.000000  0.000000
 0.000000  0.000000  0.000000  0.000000  0.000000  0.000000  0.000000  0.000000  0.666667  0.000000  0.000000  0.000000  0.000000  0.000000  0.166667  0.000000  0.166667  0.000000  0.000000  0.000000
 0.500000  0.000000  0.000000  0.166667  0.000000  0.000000  0.000000  0.000000  0.166667  0.000000  0.000000  0.000000  0.000000  0.000000  0.000000  0.000000  0.000000  0.166667  0.000000  0.000000


MOTIF 12 MEME-1

letter-probability matrix: alength= 20 w= 15 nsites= 73 E= 5.6e-292
 0.054795  0.000000  0.013699  0.027397  0.000000  0.068493  0.000000  0.013699  0.013699  0.000000  0.000000  0.000000  0.123288  0.000000  0.068493  0.287671  0.260274  0.013699  0.041096  0.013699
 0.000000  0.000000  0.000000  0.000000  0.000000  0.000000  0.000000  0.000000  0.000000  0.000000  0.000000  0.000000  0.000000  0.000000  0.000000  0.068493  0.931507  0.000000  0.000000  0.000000
 0.027397  0.000000  0.000000  0.000000  0.068493  0.000000  0.000000  0.191781  0.027397  0.095890  0.068493  0.013699  0.000000  0.027397  0.178082  0.041096  0.109589  0.068493  0.027397  0.054795
 0.027397  0.000000  0.000000  0.164384  0.013699  0.000000  0.027397  0.205479  0.109589  0.136986  0.027397  0.000000  0.000000  0.109589  0.041096  0.000000  0.000000  0.109589  0.000000  0.027397
 0.000000  0.000000  0.000000  0.000000  0.000000  0.000000  0.000000  0.000000  0.000000  0.000000  0.000000  0.000000  0.000000  0.000000  0.000000  0.027397  0.972603  0.000000  0.000000  0.000000
 0.109589  0.000000  0.000000  0.232877  0.191781  0.000000  0.013699  0.000000  0.164384  0.000000  0.013699  0.109589  0.000000  0.000000  0.150685  0.013699  0.000000  0.000000  0.000000  0.000000
 0.027397  0.000000  0.000000  0.054795  0.000000  0.000000  0.000000  0.027397  0.013699  0.000000  0.000000  0.027397  0.000000  0.013699  0.041096  0.150685  0.438356  0.205479  0.000000  0.000000
 0.013699  0.000000  0.013699  0.000000  0.013699  0.000000  0.000000  0.410959  0.000000  0.095890  0.013699  0.054795  0.000000  0.027397  0.000000  0.027397  0.095890  0.232877  0.000000  0.000000
 0.000000  0.000000  0.000000  1.000000  0.000000  0.000000  0.000000  0.000000  0.000000  0.000000  0.000000  0.000000  0.000000  0.000000  0.000000  0.000000  0.000000  0.000000  0.000000  0.000000
 0.095890  0.013699  0.041096  0.000000  0.000000  0.027397  0.000000  0.027397  0.000000  0.000000  0.000000  0.410959  0.109589  0.013699  0.000000  0.178082  0.068493  0.013699  0.000000  0.000000
 0.054795  0.000000  0.123288  0.027397  0.000000  0.041096  0.013699  0.054795  0.000000  0.013699  0.000000  0.068493  0.000000  0.027397  0.000000  0.397260  0.150685  0.013699  0.013699  0.000000
 0.000000  0.000000  1.000000  0.000000  0.000000  0.000000  0.000000  0.000000  0.000000  0.000000  0.000000  0.000000  0.000000  0.000000  0.000000  0.000000  0.000000  0.000000  0.000000  0.000000
 0.013699  0.000000  0.109589  0.219178  0.000000  0.000000  0.054795  0.000000  0.027397  0.000000  0.000000  0.150685  0.246575  0.054795  0.041096  0.027397  0.054795  0.000000  0.000000  0.000000
 0.000000  0.000000  0.945205  0.013699  0.000000  0.000000  0.000000  0.000000  0.000000  0.000000  0.000000  0.027397  0.000000  0.000000  0.000000  0.000000  0.000000  0.000000  0.000000  0.013699
 0.013699  0.027397  0.000000  0.698630  0.068493  0.000000  0.000000  0.000000  0.000000  0.000000  0.000000  0.000000  0.000000  0.027397  0.000000  0.082192  0.000000  0.000000  0.000000  0.082192
